525 47
1622 207
1316 153
1915 219
970 51
1357 157
1663 193
42 0
1816 177
1349 105
1964 157
1472 111
1329 102
257 5
1656 133
334 6
1164 80
935 38
583 21
635 23
135 1
192 2
1260 89
1867 147
890 35
573 20
1661 132
194 2
1646 133
155 1
763 28
808 33
8 0
1450 109
1652 133
1251 88
900 36
949 37
1154 79
840 34
250 2
1656 137
1503 111
10 0
1680 137
958 39
396 8
1882 149
76 0
803 33
310 6
1682 140
284 5
871 36
7 0
553 18
468 9
490 9
1365 111
1606 132
130 1
176 2
270 4
674 26
1966 148
1706 146
1123 74
479 10
455 9
686 27
1133 75
1792 142
436 9
151 1
1736 140
1695 137
1636 143
428 8
506 9
532 16
784 32
320 6
838 34
1203 86
1116 73
1808 146
627 23
103 1
466 9
1489 112
620 22
1215 87
915 36
1356 103
201 2
53 0
455 9
1259 89
1017 37
470 10
