525 31
1622 69
1316 16
1915 49
970 3
1357 31
1663 32
42 0
1816 51
1349 30
1964 55
1472 27
1329 24
257 2
1656 32
334 3
1164 18
935 13
583 6
635 7
135 0
192 2
1260 22
1867 52
890 18
573 8
1661 46
194 2
1646 20
155 0
763 15
808 0
8 0
1450 16
1652 31
1251 16
900 19
949 11
1154 16
840 10
250 1
1656 28
1503 23
10 0
1680 29
958 11
396 3
1882 21
76 0
803 15
310 0
1682 32
284 0
871 15
7 0
553 0
468 0
490 0
1365 32
1606 21
130 0
176 0
270 0
674 0
1966 32
1706 31
1123 22
479 0
455 0
686 16
1133 0
1792 31
436 15
151 0
1736 16
1695 39
1636 23
428 0
506 0
532 16
784 0
320 0
838 15
1203 16
1116 15
1808 35
627 3
103 0
466 0
1489 16
620 15
1215 16
915 0
1356 31
201 0
53 0
455 0
1259 22
1017 0
470 0
