525 5
1622 11
1316 7
1915 7
970 1
1357 2
1663 5
42 0
1816 5
1349 3
1964 6
1472 3
1329 2
257 0
1656 4
334 0
1164 2
935 1
583 0
635 1
135 0
192 0
1260 2
1867 3
890 1
573 0
1661 4
194 0
1646 6
155 0
763 1
808 1
8 0
1450 2
1652 2
1251 1
900 1
949 1
1154 1
840 1
250 0
1656 3
1503 2
10 0
1680 2
958 1
396 0
1882 3
76 0
803 1
310 0
1682 3
284 0
871 1
7 0
553 1
468 0
490 1
1365 1
1606 3
130 0
176 0
270 0
674 1
1966 3
1706 3
1123 1
479 0
455 0
686 1
1133 1
1792 3
436 0
151 0
1736 2
1695 2
1636 3
428 0
506 1
532 0
784 1
320 0
838 1
1203 2
1116 1
1808 3
627 1
103 0
466 0
1489 2
620 1
1215 1
915 1
1356 2
201 0
53 0
455 0
1259 2
1017 1
470 0
