525   4
1622   13
1316   6
1915   8
970   1
1357   2
1663   3
42   0
1816   4
1349   2
1964   4
1472   3
1329   2
257   0
1656   3
334   0
1164   2
935   1
583   1
635   0
135   0
192   0
1260   1
1867   3
890   1
573   0
1661   2
194   0
1646   2
155   0
763   1
808   0
8   0
1450   1
1652   3
1251   1
900   1
949   1
1154   1
840   1
250   0
1656   3
1503   3
10   0
1680   3
958   1
396   1
1882   3
76   0
803   0
310   0
1682   2
284   0
871   1
7   0
553   1
468   0
490   0
1365   2
1606   2
130   0
176   0
270   0
674   0
1966   4
1706   2
1123   1
479   1
455   0
686   0
1133   1
1792   3
436   0
151   0
1736   3
1695   3
1636   3
428   1
506   0
532   0
784   0
320   0
838   0
1203   2
1116   2
1808   3
627   1
103   0
466   0
1489   2
620   0
1215   2
915   0
1356   2
201   0
53   0
455   0
1259   2
1017   1
470   1
